# [ -0.0744899 , -0.0378732 , 0.3120000 ],
# [ -0.0299946 , -0.0376506 , 0.3130000 ],
# [ 0.0147865 , -0.0374257 , 0.3140000 ],
# [ 0.0596634 , -0.0377708 , 0.3140000 ],
# [ 0.1055659 , -0.0378911 , 0.3150000 ],
# [ -0.0747286 , 0.0070804 , 0.3130000 ],
# [ -0.0300905 , 0.0071031 , 0.3140000 ],
# [ 0.0147865 , 0.0071031 , 0.3140000 ],
# [ 0.0598534 , 0.0071257 , 0.3150000 ],
# [ 0.1052307 , 0.0071031 , 0.3140000 ],
# [ -0.0749674 , 0.0519769 , 0.3140000 ],
# [ -0.0301863 , 0.0521425 , 0.3150000 ],
# [ 0.0148336 , 0.0521425 , 0.3150000 ],
[ 0.0598534 , 0.0521425 , 0.3150000 ],
[ 0.1059122 , 0.0524888 , 0.3150000 ],
# #####################################
# # 4.
# [ 0.1592187 , 0.0670689 , 0.4500000 ],
# [ 0.1134610 , 0.0667222 , 0.4510000 ],
# [ 0.0686441 , 0.0670180 , 0.4530000 ],
# [ 0.0232212 , 0.0667222 , 0.4510000 ],
# [ -0.0219473 , 0.0668701 , 0.4520000 ],     #
# [ 0.1590767 , 0.0216053 , 0.4510000 ],
# [ 0.1129651 , 0.0216053 , 0.4510000 ],
# [ 0.0681461 , 0.0217011 , 0.4530000 ],
# [ 0.0232212 , 0.0216053 , 0.4510000 ],
# [ -0.0218987 , 0.0216053 , 0.4510000 ],
[ 0.1587240 , -0.0234594 , 0.4500000 ],     #
# [ 0.1134610 , -0.0235115 , 0.4510000 ],
# [ 0.0679957 , -0.0230668 , 0.4520000 ],
# [ 0.0232212 , -0.0230157 , 0.4510000 ],
# [ -0.0218016 , -0.0229137 , 0.4490000 ],
# #####################################
# [ -0.0079090 , -0.0158608 , 0.4450000 ],
# [ 0.0369331 , -0.0148156 , 0.4430000 ],
# [ 0.0818555 , -0.0137791 , 0.4410000 ],
# [ 0.1270441 , -0.0122408 , 0.4380000 ],
# [ 0.1731200 , -0.0111749 , 0.4340000 ],
# [ -0.0077033 , 0.0251796 , 0.4620000 ],
# [ 0.0366731 , 0.0264720 , 0.4580000 ],
# [ 0.0818107 , 0.0279214 , 0.4570000 ],
# [ 0.1266937 , 0.0287363 , 0.4540000 ],
# [ 0.1733432 , 0.0305972 , 0.4520000 ],
# [ -0.0074912 , 0.0664015 , 0.4810000 ],
# [ 0.0369899 , 0.0676619 , 0.4750000 ],
# [ 0.0817274 , 0.0690827 , 0.4740000 ],
# [ 0.1275655 , 0.0708667 , 0.4720000 ],
# [ 0.1731598 , 0.0724786 , 0.4690000 ],
# #####################################
# [ -0.0375640 , -0.0116336 , 0.4940000 ],
# [ 0.0075130 , -0.0116336 , 0.4940000 ],
# [ 0.0525737 , -0.0112028 , 0.4990000 ],
# [ 0.0975930 , -0.0112702 , 0.5020000 ],
# [ 0.1434300 , -0.0108037 , 0.5060000 ],
# [ -0.0361193 , 0.0295433 , 0.4750000 ],
# [ 0.0083033 , 0.0296677 , 0.4770000 ],
# [ 0.0536538 , 0.0301031 , 0.4840000 ],
# [ 0.0987569 , 0.0307617 , 0.4860000 ],
# [ 0.1444691 , 0.0308250 , 0.4870000 ],
# [ -0.0353301 , 0.0712822 , 0.4580000 ],
# [ 0.0095659 , 0.0713968 , 0.4620000 ],
# [ 0.0543800 , 0.0715514 , 0.4630000 ],
# [ 0.0998159 , 0.0720150 , 0.4660000 ],
# [ 0.1455214 , 0.0723241 , 0.4680000 ],
# #####################################
# # 3.
# [ -0.1961816 , -0.0751266 , 0.5200000 ],
# [ -0.1537969 , -0.0590035 , 0.5140000 ],
# [ -0.1110131 , -0.0425941 , 0.5070000 ],
# [ -0.0689407 , -0.0261181 , 0.5010000 ],
# [ -0.0273003 , -0.0100247 , 0.4950000 ],
# [ -0.2132852 , -0.0357642 , 0.5050000 ],
# [ -0.1703618 , -0.0193922 , 0.4980000 ],
# [ -0.1280015 , -0.0029387 , 0.4930000 ],
# [ -0.0861114 , 0.0131310 , 0.4860000 ],
# [ -0.0446001 , 0.0289189 , 0.4820000 ],
# [ -0.2301141 , 0.0040818 , 0.4900000 ],
# [ -0.1883090 , 0.0205683 , 0.4850000 ],
# [ -0.1456527 , 0.0365610 , 0.4780000 ],
# [ -0.1035684 , 0.0522978 , 0.4730000 ],
# [ -0.0618271 , 0.0687227 , 0.4680000 ],
# #####################################
# [ -0.0400457 , 0.1007026 , 0.4660000 ],
# [ -0.0853681 , 0.1027353 , 0.4730000 ],
# [ -0.1298875 , 0.1043467 , 0.4780000 ],
# [ -0.1751503 , 0.1061886 , 0.4840000 ],
# [ -0.2217670 , 0.1081632 , 0.4930000 ],
# [ -0.0398310 , 0.0575318 , 0.4820000 ],
# [ -0.0843198 , 0.0593209 , 0.4880000 ],
# [ -0.1296275 , 0.0610126 , 0.4930000 ],
# [ -0.1743908 , 0.0626004 , 0.4970000 ],
# [ -0.2213760 , 0.0644173 , 0.5070000 ],
# [ -0.0392727 , 0.0144624 , 0.4950000 ],
# [ -0.0843629 , 0.0162900 , 0.5010000 ],
# [ -0.1291036 , 0.0181930 , 0.5080000 ],
# [ -0.1752701 , 0.0195379 , 0.5140000 ],
# [ -0.2193452 , 0.0213983 , 0.5180000 ],
# #####################################
# [ -0.1623480 , -0.0289295 , 0.5020000 ],
# [ -0.1205118 , -0.0238798 , 0.4890000 ],
# [ -0.0780599 , -0.0190588 , 0.4760000 ],
# [ -0.0364165 , -0.0143415 , 0.4590000 ],
# [ 0.0058153 , -0.0100354 , 0.4470000 ],
# [ -0.1613556 , 0.0118083 , 0.5220000 ],
# [ -0.1187256 , 0.0165501 , 0.5090000 ],
# [ -0.0768222 , 0.0215365 , 0.4950000 ],
# [ -0.0343170 , 0.0255795 , 0.4790000 ],
# [ 0.0076321 , 0.0306514 , 0.4680000 ],
# [ -0.1589070 , 0.0524848 , 0.5390000 ],
# [ -0.1169081 , 0.0575795 , 0.5260000 ],
# [ -0.0743945 , 0.0616755 , 0.5120000 ],
# [ -0.0330730 , 0.0668258 , 0.5000000 ],
# [ 0.0094697 , 0.0709254 , 0.4830000 ],
# #####################################
# [ -0.1789698 , 0.0314988 , 0.4730000 ],
# [ -0.1346526 , 0.0361863 , 0.4800000 ],
# [ -0.0900139 , 0.0407444 , 0.4840000 ],
# [ -0.0464177 , 0.0455588 , 0.4900000 ],
# [ -0.0022765 , 0.0494878 , 0.4970000 ],
# [ -0.1862666 , 0.0640361 , 0.5040000 ],
# [ -0.1416636 , 0.0688577 , 0.5110000 ],
# [ -0.0970998 , 0.0735022 , 0.5160000 ],
# [ -0.0525884 , 0.0767823 , 0.5190001 ],
# [ -0.0088371 , 0.0824881 , 0.5300000 ],
# [ -0.1930181 , 0.0962052 , 0.5350000 ],
# [ -0.1485159 , 0.1012597 , 0.5400000 ],
# [ -0.1031841 , 0.1046139 , 0.5420001 ],
# [ -0.0603982 , 0.1105841 , 0.5540000 ],
# [ -0.0160807 , 0.1146548 , 0.5590000 ],
# #####################################
# # 1.
[ 0.0780552 , 0.0260051 , 0.3130000 ],
# [ 0.0331543 , 0.0288676 , 0.3180000 ],
# [ -0.0113870 , 0.0324165 , 0.3220000 ],
# [ -0.0564851 , 0.0352912 , 0.3290000 ],
# [ -0.1014693 , 0.0390149 , 0.3330000 ],
# [ 0.0784339 , -0.0106233 , 0.3400000 ],
# [ 0.0333142 , -0.0069869 , 0.3450000 ],
# [ -0.0111907 , -0.0043823 , 0.3490000 ],
# [ -0.0557179 , -0.0009427 , 0.3540000 ],
# [ -0.1011036 , 0.0018066 , 0.3590000 ],
# [ 0.0786104 , -0.0469703 , 0.3670000 ],
# [ 0.0337855 , -0.0438116 , 0.3710000 ],
[ -0.0108164 , -0.0402687 , 0.3760000 ],
# [ -0.0559253 , -0.0375518 , 0.3820000 ],
[ -0.1006446 , -0.0345503 , 0.3860000 ],
# #####################################
# [ -0.0000000 , -0.0000000 , 0.0000000 ],
# [ -0.0512853 , -0.0827096 , 0.3850000 ],
# [ -0.0096442 , -0.0727957 , 0.3630000 ],
# [ 0.0311285 , -0.0648222 , 0.3460000 ],
# [ 0.0724203 , -0.0560413 , 0.3280000 ],
# [ -0.1106732 , -0.0593782 , 0.3740000 ],
# [ -0.0000000 , -0.0000000 , 0.0000000 ],
# [ -0.0275597 , -0.0417725 , 0.3380000 ],
# [ 0.0132684 , -0.0327614 , 0.3190000 ],
# [ 0.0543951 , -0.0247076 , 0.3020000 ],
# [ -0.1282625 , -0.0270878 , 0.3450000 ],
# [ -0.0861688 , -0.0183720 , 0.3250000 ],
# [ -0.0452380 , -0.0096547 , 0.3090000 ],
# [ -0.0045477 , -0.0017406 , 0.2920000 ],
# [ 0.0363989 , 0.0071018 , 0.2740000 ],
# #####################################