[ 0.0175020 , 0.0192009 , 0.3260000 ],
#####################################
[ -0.0221525 , 0.0219102 , 0.3720000 ],
#####################################
[ -0.0258913 , 0.0429563 , 0.4790000 ],
#####################################
[ 0.0418519 , 0.0637820 , 0.5020000 ],
#####################################
[ 0.0541009 , 0.0090676 , 0.4440000 ],
#####################################
[ -0.0013075 , -0.0032725 , 0.5490000 ],
#####################################
[ 0.0113466 , -0.0020617 , 0.5480000 ],
#####################################
[ -0.0130400 , 0.0121449 , 0.5120000 ],
#####################################
[ 0.0322885 , 0.0475965 , 0.4530000 ],
#####################################
[ 0.0177426 , 0.0259971 , 0.4770000 ],
#####################################
[ 0.1936524 , 0.0269324 , 0.4750000 ],
#####################################
[ 0.0123624 , -0.0028523 , 0.4040000 ],
#####################################
[ -0.0994204 , 0.0038402 , 0.4610000 ],
#####################################
[ -0.1568074 , -0.0244206 , 0.4320000 ],
#####################################
[ -0.0634473 , -0.0055965 , 0.3100000 ],
#####################################
[ 0.2544123 , -0.0194607 , 0.5460000 ],
#####################################
[ -0.0501188 , 0.0198800 , 0.5230000 ],
#####################################
[ -0.0311446 , 0.0255730 , 0.3250000 ],
#####################################
[ 0.0183357 , 0.0423574 , 0.3720000 ],
#####################################
[ -0.0592729 , 0.0795498 , 0.3520000 ],
#####################################
[ 0.0420416 , 0.0146144 , 0.4210000 ],
#####################################
[ 0.0686175 , -0.0012115 , 0.3220000 ],
#####################################
[ 0.0622937 , -0.0238459 , 0.3590000 ],
#####################################
[ 0.1054679 , -0.0248103 , 0.4000000 ],
#####################################
[ 0.1080289 , -0.0011690 , 0.4390000 ],
#####################################
[ 0.0801068 , 0.0037272 , 0.3540000 ],
#####################################
[ 0.0970999 , -0.0092505 , 0.3310000 ],
#####################################
[ 0.0519485 , -0.0051572 , 0.5570000 ],
#####################################
[ 0.0860783 , 0.0378029 , 0.3320000 ],
#####################################
[ 0.0547125 , 0.0283665 , 0.3460000 ],
#####################################
